000000000000000000000000000000000000000000000000000000000000000000000000000000000000000000000000000000000000000000000000000000000000000000000000000000000000000000000000000000000000000000000000000000000000000000000000000000000000000000000000000000000000000000000000000000000000000000000000
000000000000000000000000000000000000000000000000000000000000000000000000000000000000000000000000000000000000000000000000000000000000000000000000000000000000000000000000000000000000000000000000000000000000000000000000000000000000000000000000000000000000000000000000000000000000000000000000
111111111111111111111111111111111111111111111111111111111111111111111111111111111111111111111111111111111111111111111111111111111111111111111111111111111111111111111111111111111111111111111111111111111111111111111111111111111111111111111111111111111111111111111111000000000000000000000000
000000000000000000000000000000000000000000000000000000000000000000000000000000000000000000000000000000000000000000000000000000000000000000000000000000000000000000000000000000000000000000000000000000000000000000000000000000000066000000000000000000000000000000000007000000000000000000000000
000000000000000000066000000000000000000060000000000000000000000000000000630000000000000000000000000000066000600000000000000000000660000066000000000000066000000000000660000060000000000000000000000000000000630000000000000000000066000000066000600000000000000000000667000000000000000000000000
000000000000000000066000060000000000000060000000060000006000000000000000600000040000000066000066000000066000620000600000006660006600000066000000000000066000060000000000000060000000060000006000000000000000600000000000000066000000000000066000620000600000006660006607000000000000000000000000
000000000000000000000000066000000400000066600000066000006000000000000000666000000000000006600066000000000000666000660000000060000000000000000000000000000000066000000000000066600000066000006000000000400000666000000000000006600000000000000000666000660000000060000007000000000000000000000000
000000000000000000003000060000000000000000000000062000666000000006000000000000066000000000000000000000000000000000060000000060000000000000000000006600003000060000000000000000000000062000666000000006000000000000066000000000000000000000000000000000060000000060006007000000000000000000000000
000000000000000000000000000000000660000000000000000000000000000006600000000000066000000000000000000000000000000000000000000000000000000000040000000600000000000000000660000000000000000000000000000006600000000000066000000000000000000000004000000000000000000000006007000000000000000000000000
000000000000000000000000000000000660000000000000000000000000000006000000000000000000000000000000000000000000000000000000000000000000000000000000000000000000000000000660000000000000000000000000000006000000000000000000000000000000000000000000000000000000000000006007000000000000000000000000
000000000000000000000000000000000000000000000000000000000000000000000000000000000000000000000000000000066000000000000000030000000000000000060300000000000000000000000000000000000660000000000000000000000000000000000000000000000000000000066000000000000660030000006007000000000000000000000000
000000000000000000020000000000000000000000000000000000000000000000050000000000000000000500000003000000066000000000000000000000000500000000060000000000020000000000000000000000000660000000000000000000050000000000000000000500000003000000066000000000000060000000000007000000000000000000000000
000000000000000000000000000000000000000000000005000000000000000000000000000000000000000000000000000000000000000000000500000000000000000000066600000000000000000000000000000000000005000000000000000000000000000000000000000000000000000000000000000000000500000000000007000000000000000000000000
000000000000000000000000000000000000000000000000000000000000000000000000000000000000000000000000000000000000000000000000000000000000000000000000000000000000000000000000000000000000000000000000000000000000000000000000000000000000000000000000000000000000000000006007000000000000000000000000
000000000000000000000000000000000660000000000000000000000000000000000000000000000000000000000000000000000000000000000000030000000000000000000000000000000000000000000660000000000000000000000000000000000000000000000000000000000000000000000000000000000000030000006007000000000000000000000000
000000000000000000000000000000000660000000000000000000000000000006000000000000066000000000000000000050000000000000000000000000000000000000000000006000000000000000000660000000000000000000000000000006000000000000066000000000000000000050000000040000000000000000006007000000000000000000000000
000000000000000000003000000000000000000000000000060200006000000006600000000000066000000000000000000000000000000000600000006040000000000000000000006600003000000000000000000000000000060200006000000006600000000000066000004000000000000000000000000000600000006000006007000000000000000000000000
000000000000000000000000006600000000000066600000660000006000000006000000666000000000000660000000000000066000666000660000006000000000000000000000000000000000006600000000000066600000660000006000000006000000666000000000000660000000000000066000666000660000006000000007000000000000000000000000
000000000000000000066000066000000000000060000000060000666000000000000000600000000000006600000066000000066000620000060000006660006600000000000000000000066000066000000000000060000000060000666000000000000000600000000000006600000066000000066000620000060000006660006607000000000000000000000000
000000000000000000066000000000000000000060000000000000000000000000000000630000000000000000000066000000000000600000000000000000066000000066000000000000066000000000000000000060000000000000000000000000000000630000000000000000000066000000000000600000000000000000066007000000000000000000000000
000000000000000000000000000000000000000000000400000000000000000000000000000000040000000000000000000000000000000000000000000000000000000066000000000000000004000000000660000000000000000000000000000000000000000000000000000000000000000000000000000000000000000000000007000000000000000000000000
000000000000000000000000000000000000000000000000000000000000000000000000000000000000000000000000000000000000000000000000000000000000000000000000000000000000000000000000000000000000000000000000000000000000000000000000000000000000000000000000000000000000000000000007000000000000000000000000
111111111111111111111111111111111111111111111111111111111111111111111111111111111111111111111111111111111111111111111111111111111111111111111111111111111111111111111111111111111111111111111111111111111111111111111111111111111111111111111111111111111111111111111111000000000000000000000000
000000000000000000000000000000000000000000000000000000000000000000000000000000000000000000000000000000000000000000000000000000000000000000000000000000000000000000000000000000000000000000000000000000000000000000000000000000000000000000000000000000000000000000000000000000000000000000000000
000000000000000000000000000000000000000000000000000000000000000000000000000000000000000000000000000000000000000000000000000000000000000000000000000000000000000000000000000000000000000000000000000000000000000000000000000000000000000000000000000000000000000000000000000000000000000000000000
