000000000000000000000000000000000000000000000000000000000000000000000000000000000000000000000000000000000000000000000000000000000000000000000000000000000000000000000000000000000000000000000000000000000000000000000000000000000000000000000000000000000000000000000000
000000000000000000000000000000000000000000000000000000000000000000000000000000000000000000000000000000000000000000000000000000000000000000000000000000000000000000000000000000000000000000000000000000000000000000000000000000000000000000000000000000000000000000000000
111111111111111111111111111111111111111111111111111111111111111111111111111111111111111111111111111111111111111111111111111111111111111111111111111111111111111111111111111111111111111111111111111111111111111111111111111111111111111111111111111111111111111111111111
000000000000000000000000000000000000000000000000000000000000000000000000000000000000000000000066000000000000000000000000000000000000000000000000000000000000000000000000000000000000000000000000000000000000000000066000000000000066000000000000000000000060000000000007
000000000000000000066000000000000000000060000000000000000000000000000000630000000000000000000066000000066000600000000000000000000660000000000000000000066000000000000000000060000000000000000000000000000000630000066000000000000066000000066000600000000060000000000667
000000000000000000066000060000000000000060000000060000006000000000000000600000040000000066000000000000066000620000600000006660006600000000000000000000066000060000000000000060000000060000006000000000000000600000066000000066000000000000066000620000600060006660006607
000000000000000000000000066000000000000066600000066000006000000000000000666000000000000006600000000000000000666000660000000060000000000000000000000000000000066000000000000066600000066000006000000000000000666000066000000006600000000000000000666000660060000060000007
000000000000000000003000060000000000000000000000060000666000000006000000000000066000000000000000000000000000000000060000000060000000000000000000000000003000060000000000000000000000060000666000000006000000000000066000000000000000050000000000000000060060000060000007
000000000000006000000000000000000660000000000000000200000000000006600000000000066000000000004000000000000000000000000000000000000000000000000000006000000000000000000660000000000000000200000000000006600000000000066000000000000000000000000000000000000060000000000007
000000000000006600000000000006000660000000040000000000000000000006000000000000000000000000000000000000000000000000000000000000000000000600004000006600000000000006000660000000000000000000000000000006000000000000000000000000000000000000000000000000000000000000000007
000000000000000000000000000006000000000000000000000000000000000000000000000000000000000000006000000000066000000000000000030000000000006600000000000000000000000006000000000000000000000000000000000000000000000000000000000000006000000000066000000000000000030000000007
000000000000000000020060000006000000000000060000000000000000660000050000600000000000000500006603000000066000000000000000000000000500006000006600000000020066000006000000000000060000000000000000660000050000600000003000000500006603000000066000000000000060000000000507
000000000000000000000000000006005000000000000005000000000000660000000000600000000000000000006000000000000000000000000500000000000000000000006600000000000060000006000000000000000005000000000000660000000000600000000000000000006000000000000000000000000560000000000007
000000000000000000000000000000000000000000000000000000000000000000000000000000000000000000000000000000000000000000000000000000000000000000000000000000000000000000000000000000000000000000000000000000000000000000000000000000000000000000000000000000000000000000000007
000000000000000000000000000000000660000000000000000000000000000000000000000000000000000000000000000000000000000000000000030000000000000000000000000000000000000000000660000000000000000000000000000000000000000000000000000000000000000000000000000000000000030000000007
000000000000006600000000000000000660000000000000000000000000000006000000000000066000000000000000000050000000000000000000000000000000006000000000006600000000000000000660000000000000000000000000000006000000000000066000000000000000000050000000004000000060000000000007
000000000000000600003000000000000000000000000000060200006000000006600000000000066000000000000000000000000000000000600000006040000000006600000000000600003000000000000000000000000000060200006000000006600000000000066000000000000000000000000000000000600060006000000007
000000000000000000000000006600000000000066600000660000006000000006000000666000000000000660000000000000066000666000660000006000000000000600000000000000000000006600000000000066600000660000006000000006000000666000066000000660000000000000066000666000660060006000040007
000000000000000000066000066000000000000060000000060000666000000000000000600000000000006600000066000000066000620000060000006660006600000000000000000000066000066000000000000060000000060000666000000000000000600000066000006600000066000000066000620000060060006660006607
000000000000000000066000000000000000000060000000000000000000000000000000630000000000000000000066000000000000600000000000000000066000000000000000000000066000000000000000000060000000000000000000000000000000630000066000000000000066000000000000600000000060000000066007
000000000000000000000000000000040000000000000000000000000004000000000000000000000000000000000000000400000000000000000040000000000000000000004000000000000000000000000000000000000000000000000000000000000000000000066000000000040000000000000000000000000060000000000007
000000000000000000000000000000000000000000000000000000000000000000000000000000000000000000000000000000000000000000000000000000000000000000000000000000000000000000000000000000000000000000000000000000000000000000066000000000000000000000000000000000000060000000000007
111111111111111111111111111111111111111111111111111111111111111111111111111111111111111111111111111111111111111111111111111111111111111111111111111111111111111111111111111111111111111111111111111111111111111111111111111111111111111111111111111111111111111111111111
000000000000000000000000000000000000000000000000000000000000000000000000000000000000000000000000000000000000000000000000000000000000000000000000000000000000000000000000000000000000000000000000000000000000000000000000000000000000000000000000000000000000000000000000
000000000000000000000000000000000000000000000000000000000000000000000000000000000000000000000000000000000000000000000000000000000000000000000000000000000000000000000000000000000000000000000000000000000000000000000000000000000000000000000000000000000000000000000000
