000000000000000000000000000000000000000000000000000000000000000000000000000000000000000000000000000000000000000000000000000000000000000000000000000000000000000000000000000000000000000000000000000000000000000000000000000000000000000000000000000000000000000000000000
000000000000000000000000000000000000000000000000000000000000000000000000000000000000000000000000000000000000000000000000000000000000000000000000000000000000000000000000000000000000000000000000000000000000000000000000000000000000000000000000000000000000000000000000
111111111111111111111111111111111111111111111111111111111111111111111111111111111111111111111111111111111111111111111111111111111111111111111111111111111111111111111111111111111111111111111111111111111111111111111111111111111111111111111111111111111111111111111111
000000000000000000066000000000000000600000000000000000666000000006600000000000000000000000000066000000000000000000000000000000000000000606000000000000000000000000000000000000000000000000000000660000000000000000000000000000000066000000000000000000000006000000000007
000000000000000000066000000000000000600060000000000000000000000006600000630000000000000000000066000000066000600000000000000000000660000606000000000000066000000006600000000060000000000000000000660000000000630000000000000000000066000000066000600000000006000000000667
000000000000660000066000060200000000600060000000060000006020000000000000600000066000000066020000000000066000620000600000006660006600000606000000000000066000060006000000000060000000060000006000660000000000600000504000000066000000000000066000620000600006006660006607
000000000000600000066000066000000000600066600000066000006000000000000000666000066000000006600000000000000000666000660000000060000000000606000000000000000000066000000000000066600000066000006000660000000000666000000000000006600000000000000000666000660006000060000007
000000000000000000066000060004000000600000000000060000666000000006000000000000066000000000000000000000000000000003060000000060000000000606000005000400003000060000300000000000000000060000666000660006000000000000066000000000000000005000000000000000060006000060000007
000000000000006000066000000000000660600000000000000200000000000006600000000000066000000000000000000050000000000660000000000000000000000606000000006000000000000000000660000000000000000200000000660006600000000000066000000000000000000000000000000000000006000000000007
000000000000006600066000000006000660600000000000000000000000000006000000000000066000000000000400000000000000000000000000000000000000000606000000006600000000000006000660000000000000000000000000000006000002000000000000000000000000000000000000000040000006000000000007
000000000000000000000000000006000000600000006600000000000000000000000000000000066000000000006000000000066000000000000000030000000000000600000000000000000000000006000000000000006600000000000000000000000000000000000000000000006000000000066000000000000006030000000007
000000000000000000000300000006000000000000066000000000000000660000050000660000000000000500006603000000066000000660000000000000000500000000020000000000020660000006000000000000066000000000000000660000050000660000000003000500006603000000066000000660000000000000000507
000000000000000000000000000506030000000000000005000000000000660000000300660000000300000000006000000000000000000660000500000000000000000600000000000000000660400006000000000000000005000000003000660000000000660000000000000000006000000000000000000066000500000000000007
000000000000000000066000000000000000600000000000000000000000000000000000000000000000000000000000000000000000000000000000000000000000000606000000000000000000000000000000000000000000000000000000000000000000060000040000000000000000000000000000000000000006000000000007
000000000000000000066000000000000660600000000000000000000000000000000000000000066000000000000000000000000000000660000000030000000000000606000000000000000006600000000660000000000000000000000000000000000000000000000000000000000000000000000000000000000006030000000007
000000000000006600066000000000000660600000000000000000000000000006000000000000066000000000000000000050000000000000000000000000000000000606000000006600000006000000000660000000400000000000000000660006000000000000066003000000000000000050000000400000000006000000000007
000000000000000600066000000000000000600000000000060200006000000006600000000000066000000000000000000000000000000000600000006000000000300606000000000600003000000000000000000000000000060200406000660006600000000000066000000000000000000000000000000000600006006000000007
000000000000600000066000006600000000600066600000660000006000000006000000666000066000000660000000000000066000666000660000006000000000000606000000000000000000006600000000000066600000660000006000660006000000666000000000000660000000000000066000666000660006006000000007
000000000000660000066000066000000000600060000000060000666000000000000000600000066000006600000066020000066000620000060000006660006600000606000000500000066000066000300000000060000000060000666000660000000000600000002000006600000066000000066000620000060006006660006607
000000000000000000066000000000000000600060000000000000000000000000000000630000066000000000000066000000000000600000000050000000066000000606000000000000066000000000000400000060000000000000000000660000000000630000500000000000000066000000000000600000000006000000066007
000000000000000000066000000000400000600000000000000000000004000006600000000000000000000000000000000040000000000000000000000004000000000606000400000000000000000000000000000000000000000000000000660000000000000000000000000000000000000000000000000000000006000000000007
000000000000000000066000000000000000600000000000000000666000000006600000000000000000000000000000000000000000000000000000000000000000000606000000000000000000000000000000000000000000000000000000660000000000000000000000000000000000000000000000000000000006000000000007
111111111111111111111111111111111111111111111111111111111111111111111111111111111111111111111111111111111111111111111111111111111111111111111111111111111111111111111111111111111111111111111111111111111111111111111111111111111111111111111111111111111111111111111111
000000000000000000000000000000000000000000000000000000000000000000000000000000000000000000000000000000000000000000000000000000000000000000000000000000000000000000000000000000000000000000000000000000000000000000000000000000000000000000000000000000000000000000000000
000000000000000000000000000000000000000000000000000000000000000000000000000000000000000000000000000000000000000000000000000000000000000000000000000000000000000000000000000000000000000000000000000000000000000000000000000000000000000000000000000000000000000000000000
